0.0 0.5053 0.4194 0.4584 1247 
1.0 0.7846 0.4595 0.5795 111 
2.0 0.4362 0.5205 0.4746 1024 
3.0 0.7402 0.7750 0.7572 831 
4.0 0.5862 0.5296 0.5565 1233


precision    recall  f1-score   support

         0.0     0.5053    0.4194    0.4584      1247
         1.0     0.7846    0.4595    0.5795       111
         2.0     0.4362    0.5205    0.4746      1024
         3.0     0.7402    0.7750    0.7572       831
         4.0     0.5862    0.5296    0.5565      1233
		 
		 
 precision    recall  f1-score   support

 0.0     0.8475    0.4505    0.5882       111
 1.0     0.4369    0.5068    0.4693      1024
 2.0     0.5579    0.5239    0.5404      1233
 3.0     0.4752    0.5992    0.5300       958
 4.0     0.7755    0.7401    0.7574       831
 5.0     0.8468    0.7570    0.7994      1774
 6.0     0.4882    0.4643    0.4760      1247

accuracy                         0.6027      7178
macro avg     0.6326    0.5774    0.5944      7178
weighted avg     0.6185    0.6027    0.6075      7178


0 - 0.054395069113119976
1 - 0.04837690618448945
2 - 0.04532247027510597
3 - 0.049317109204864
4 - 0.04355049802935195
5 - 0.051193887046859794
6 - 0.040936911816217156
7 - 0.04346531983384581
8 - 0.041073307002630635
9 - 0.04243341269101719
10 - 0.04033359426691068
11 - 0.04187003288530581
12 - 0.040472847968223244
13 - 0.03765954885536256
14 - 0.038290695943905946
15 - 0.0393194012191688
16 - 0.03401748856413178
17 - 0.03741088074817113
18 - 0.04074114197827533
19 - 0.03855949309955295
20 - 0.03339093653599909
21 - 0.036683349836731015
22 - 0.04235597043637838
23 - 0.033308111235226104
24 - 0.03540508920546696
25 - 0.03754954278069929
26 - 0.03657128275989167
27 - 0.029790350943338387
28 - 0.03331794837007599
29 - 0.034051971136110595
30 - 0.03545588632312578
31 - 0.033107835812516716
32 - 0.03358665776178535
33 - 0.026753488048093854
34 - 0.03268734039748497
35 - 0.032497892945944004
36 - 0.030406660405743427
37 - 0.03364188186170944
38 - 0.029378010988120613
39 - 0.031197144977924314
40 - 0.034322296625873355
41 - 0.029080999490103884
42 - 0.029024616301392636
43 - 0.028218146738519644
44 - 0.028688954127128474
45 - 0.026064514046910233
----------------------------46 - 0.03208937835596364
47 - 0.03019509809340593
48 - 0.026709985227975436
49 - 0.03191775407450002
---> Best epoch: 45
              precision    recall  f1-score   support

         0.0     0.4821    0.4651    0.4735      1247
         1.0     0.7714    0.4865    0.5967       111
         2.0     0.5138    0.4189    0.4615      1024
         3.0     0.8232    0.7341    0.7761       831
         4.0     0.4875    0.6464    0.5558      1233
         5.0     0.9319    0.6714    0.7805      1774
         6.0     0.4294    0.6347    0.5122       958

    accuracy                         0.5947      7178
   macro avg     0.6342    0.5796    0.5937      7178
weighted avg     0.6356    0.5947    0.6039      7178


0 - 0.03284976066706014
1 - 0.028926412344255272
2 - 0.036420486662404626
3 - 0.027535181228469246
4 - 0.02807419224977527
5 - 0.03341885138376482
6 - 0.03421054930184858
7 - 0.029385716143503805
8 - 0.027743585406634016
9 - 0.02956403333742746
10 - 0.024428147186628488
11 - 0.027212210926735453
12 - 0.030688081619420784
13 - 0.030720338366330285
14 - 0.02795281731781878
15 - 0.026837737824213493
16 - 0.023355456859452593
17 - 0.025492223247222345
18 - 0.030255281742488996
19 - 0.02417233978222938
20 - 0.026244979653182517
21 - 0.02664253215274653
22 - 0.025911604530596224
23 - 0.026374751723803207
24 - 0.02691337312250525
25 - 0.024029457073916426
26 - 0.02046639890738915
27 - 0.028142942823778015
28 - 0.029627661180606252
29 - 0.02474850958947223
30 - 0.022637476062134166
31 - 0.024666582410836194
32 - 0.027565860930899726
33 - 0.021930027293157503
34 - 0.02544976789502021
35 - 0.0240251759141493
36 - 0.022468459265179416
37 - 0.03153074691922211
38 - 0.02286203650159454
39 - 0.021750495607610717
40 - 0.0222760281542859
41 - 0.023669954215026736
42 - 0.02220409761809377
43 -------------------------- 0.01739167096486871
44 - 0.02670861257698189
45 - 0.023036238055976075
46 - 0.023461323112098118
47 - 0.023031810233969694
48 - 0.02531236334437002
49 - 0.01920027612450496
---> Best epoch: 43
              precision    recall  f1-score   support

         0.0     0.5344    0.3737    0.4398      1247
         1.0     1.0000    0.3964    0.5677       111
         2.0     0.4708    0.4795    0.4751      1024
         3.0     0.7131    0.8014    0.7547       831
         4.0     0.5773    0.5783    0.5778      1233
         5.0     0.7954    0.8219    0.8084      1774
         6.0     0.4799    0.6096    0.5370       958

    accuracy                         0.6160      7178
   macro avg     0.6530    0.5801    0.5944      7178
weighted avg     0.6178    0.6160    0.6111      7178


Modello caricato
0 - 0.024486073985422192
1 - 0.028300977484645034
2 - 0.02641094920864818
3 - 0.02342666268331371
4 - 0.01852951175519461
5 - 0.027288137649107428
6 - 0.023435576497704176
7 - 0.027344167617223608
8 - 0.019202546105965897
9 - 0.03000056691166061
10 - 0.023753381660407424
11 - 0.023625490216292386
12 - 0.020978281059027427
13 - 0.024247798034012523
14 - 0.01936518179100293
15 - 0.019869826253074978
16 - 0.02411027079961363
17 - 0.0232708061324691
18 - 0.018965447946932286
19 - 0.020936490635600352
20 - 0.021030819951018624
21 - 0.024360507578330522
22 - 0.024066284675626104
23 - 0.01780397368750635
24 - 0.02111993920057396
25 - 0.01873787842649671
26 - 0.02101511142623957
27 - 0.024245485427123632
28 - 0.018523150412814344
29 - 0.02108653422036147
30 - 0.02366896618071756
31 - 0.02200032643175611
32 - 0.020194978726322574
33 - 0.021060940171167695
34 -----------------------------> 0.015131232092240267
35 - 0.020287310153830094
36 - 0.021704762810267227
37 - 0.01899971038705177
38 - 0.018209010093463304
39 - 0.024599512330796297
40 - 0.017367423484910674
41 - 0.01807942185200266
42 - 0.025924386437754483
43 - 0.018612471367054087
44 - 0.01771298502023429
45 - 0.02141462035026765
46 - 0.017375540052991207
47 - 0.017740847421019803
48 - 0.019727076655781398
49 - 0.021273411774860963
---> Best epoch: 34
              precision    recall  f1-score   support

         0.0     0.5228    0.4595    0.4891      1247
         1.0     0.7606    0.4865    0.5934       111
         2.0     0.5089    0.4746    0.4912      1024
         3.0     0.7334    0.7978    0.7643       831
         4.0     0.5850    0.5247    0.5532      1233
         5.0     0.7851    0.8281    0.8060      1774
         6.0     0.4817    0.5908    0.5307       958

    accuracy                         0.6211      7178
   macro avg     0.6254    0.5946    0.6040      7178
weighted avg     0.6189    0.6211    0.6178      7178
