precision    recall  f1-score   support

         0.0     0.4492    0.6103    0.5175      1247
         1.0     0.7500    0.4865    0.5902       111
         2.0     0.5016    0.4512    0.4751      1024
         3.0     0.8340    0.7136    0.7691       831
         4.0     0.5598    0.5426    0.5511      1233
         5.0     0.8563    0.7959    0.8250      1774
         6.0     0.5545    0.5418    0.5480       958

    accuracy                         0.6227      7178
   macro avg     0.6436    0.5917    0.6109      7178
weighted avg     0.6396    0.6227    0.6275      7178


Modello caricato
0 - 0.04927706175572501
1 - 0.04416207193698006
2 - 0.038830678018882354
3 - 0.04809477968716513
4 - 0.0388169859057367
5 - 0.04540432918636478
6 - 0.04090044666184729
7 - 0.039164234977682226
8 - 0.041815472967955875
9 - 0.038885848849260184
10 - 0.03381948254708608
11 - 0.040435751829650785
12 - 0.04143509784689275
13 - 0.035170748595909046
14 - 0.03791977326893341
15 - 0.027710825430112242
16 - 0.03204538496614347
17 - 0.037644845626500015
18 - 0.031298903745152096
19 - 0.03918415827414525
20 - 0.030613337205282806
21 - 0.03680221702070453
22 - 0.03437461936972773
23 - 0.03311313944398804
24 - 0.036286003148179466
25 - 0.03148231813512497
26 - 0.03215361739086057
27 - 0.027772221255727023
28 - 0.03280577635074803
29 - 0.03171572266748063
30 - 0.029428562213965424
31 - 0.032554086981755305
32 - 0.02602727791092025
33 - 0.03723689914803007
34 - 0.02738759795221047
35 - 0.030072029569464476
36 - 0.033328935756430526
37 - 0.030826485330893744
38 - 0.02225505513143477
39 - 0.02999539714423786
40 - 0.029599822138126043
41 - 0.021643813505690605
42 - 0.029502284727527948
43 - 0.027778927290003905
44 - 0.027835981533779683
45 - 0.022921668359585742
46 - 0.026391905333105696
47 - 0.03161751306115365
48 - 0.02382671123196148
49 - 0.027204636020473367
---> Best epoch: 41
              precision    recall  f1-score   support

         0.0     0.4887    0.5204    0.5041      1247
         1.0     0.6988    0.5225    0.5979       111
         2.0     0.5837    0.3779    0.4588      1024
         3.0     0.7907    0.7593    0.7747       831
         4.0     0.5385    0.5839    0.5603      1233
         5.0     0.8358    0.8061    0.8207      1774
         6.0     0.4714    0.6190    0.5352       958

    accuracy                         0.6225      7178
   macro avg     0.6297    0.5985    0.6074      7178
weighted avg     0.6325    0.6225    0.6225      7178


 - 0.02578238312555656
1 - 0.023492780927689107
2 - 0.023473742027084667
3 - 0.02694550428814607
4 - 0.020430218273801776
5 - 0.031477852176421725
6 - 0.02091818294210759
7 - 0.024650819902083038
8 - 0.02776113249319577
9 - 0.02429013800795176
10 - 0.01587460580263391
11 - 0.026984414622991826
12 - 0.02955243490726415
13 - 0.021826023362294316
14 - 0.02320911533180194
15 - 0.02491373445260243
16 - 0.021873282906278164
17 - 0.021632449472657075
18 - 0.025134890028755536
19 - 0.03162342995554411
20 - 0.019927702937920122
21 - 0.021405459666974172
22 - 0.019637768701777896
23 - 0.025636246859022487
24 - 0.02112689017468116
25 - 0.020179415638494395
26 - 0.020828988961629127
27 - 0.01958812006499756
28 - 0.025163494276612478
29 - 0.020863980659971137
30 - 0.01964915128778223
31 - 0.02537552969131781
32 - 0.01202477153680789
33 - 0.022935380412080018
34 - 0.01931931302149431
35 - 0.021547169530260934
36 - 0.019591585026531768
37 - 0.022774329049791337
38 - 0.020302774143068976
39 - 0.022057977884633918
40 - 0.018258340548412026
41 - 0.01904081307264213
42 - 0.01408573159126278
43 - 0.026659452196748364
44 - 0.020923260228369805
45 - 0.020805727724034655
46 - 0.018455441540802902
47 - 0.016638734633454205
48 - 0.016070059176870762
49 - 0.02221051453860346
---> Best epoch: 32
              precision    recall  f1-score   support

         0.0     0.4897    0.5132    0.5012      1247
         1.0     0.8421    0.5766    0.6845       111
         2.0     0.5067    0.4414    0.4718      1024
         3.0     0.7483    0.8014    0.7740       831
         4.0     0.5408    0.5596    0.5500      1233
         5.0     0.8529    0.7649    0.8065      1774
         6.0     0.4764    0.5699    0.5190       958

    accuracy                         0.6151      7178
   macro avg     0.6367    0.6039    0.6153      7178
weighted avg     0.6243    0.6151    0.6176      7178


0 - 0.047875041793928146
1 - 0.04366141818039885
2 - 0.04152809833728045
3 - 0.040943587724731834
4 - 0.04104611382146629
5 - 0.041718180014058026
6 - 0.037225964814069305
7 - 0.041198809561553
8 - 0.0397381791379562
9 - 0.03985143333239448
10 - 0.037765555356348915
11 - 0.03487573458358359
12 - 0.03897872477609619
13 - 0.04179644302957907
14 - 0.037454352254034505
15 - 0.03639926656815928
16 - 0.028074704222937914
17 - 0.04159903638148478
18 - 0.03280803204364613
19 - 0.035883882430753876
20 - 0.0296681928019924
21 - 0.03248429807108611
22 - 0.03536294950146702
23 - 0.035622650395286996
24 - 0.03337236537958079
25 - 0.031121611265483247
26 - 0.033170780914146665
27 - 0.027083017001432036
28 - 0.03600487555516547
29 - 0.032171687285792366
30 - 0.02799881067238997
31 - 0.02685501643771281
32 - 0.028726481886007325
33 - 0.03624550245082854
34 - 0.03308115681374854
35 - 0.02923863870312122
36 - 0.03405239490557769
37 - 0.02074406837368719
38 - 0.028394844346799793
39 - 0.029324284597134185
40 - 0.03177570230888881
41 - 0.02634081116658958
42 - 0.028625185362440984
43 - 0.02385840701262389
44 - 0.027942127272587353
45 - 0.024197055866540838
46 - 0.03122351001914169
47 - 0.02476485154799303
48 - 0.029573761530190434
49 -----------------------_> 0.020512091526169528
---> Best epoch: 49
              precision    recall  f1-score   support

         0.0     0.5064    0.5092    0.5078      1247
         1.0     0.7053    0.6036    0.6505       111
         2.0     0.5350    0.4404    0.4831      1024
         3.0     0.7961    0.7425    0.7684       831
         4.0     0.5300    0.5807    0.5542      1233
         5.0     0.7445    0.8737    0.8039      1774
         6.0     0.5938    0.4823    0.5323       958

    accuracy                         0.6266      7178
   macro avg     0.6302    0.6046    0.6143      7178
weighted avg     0.6217    0.6266    0.6211      7178

odello caricato
0 - 0.027438406937241772
1 - 0.027301999277315067
2 - 0.023894423744289277
3 - 0.02780417320206221
4 - 0.02140026489693439
5 - 0.026256837375725674
6 - 0.023484631929897786
7 - 0.027355341253695098
8 - 0.031116014984811962
9 - 0.02400420301746878
10 - 0.02250782935659334
11 - 0.022022118280023976
12 - 0.021630110903304068
13 - 0.022514133677692828
14 - 0.02684350538730361
15 - 0.02821208538404196
16 - 0.025030665297254624
17 - 0.022582029499587257
18 - 0.02463348039197843
19 - 0.020947104079746502
20 - 0.02711951335828429
21 - 0.015030902784499485
22 - 0.017374497533984002
23 - 0.027356962829240092
24 - 0.031402842404140895
25 - 0.02067911943676415
26 - 0.01828707637443934
27 - 0.018860239899639458
28 - 0.028220579982669587
29 - 0.022540928573984608
30 - 0.021988896258505596
31 - 0.023128900037135178
32 - 0.02038184640473456
33 - 0.026232233629161376
34 - 0.01650352067922044
35 - 0.017642148165503017
36 - 0.02316118941424892
37 - 0.025780514051183204
38 - 0.01483175229967965
39 - 0.01927601746250981
40 - 0.02314104988556639
41 - 0.020109670224597694
42 - 0.024814875768889095
43 - 0.020018663537347086
44 - 0.023214229478701463
45 - 0.02274286193647855
46 - 0.018816890963273814
47 ------------------_> 0.012008719766952442
48 - 0.02302791859763314
49 - 0.015064400072906473
---> Best epoch: 47
              precision    recall  f1-score   support

         0.0     0.4980    0.4972    0.4976      1247
         1.0     0.7711    0.5766    0.6598       111
         2.0     0.4469    0.5215    0.4813      1024
         3.0     0.8156    0.7184    0.7639       831
         4.0     0.5690    0.5320    0.5499      1233
         5.0     0.8296    0.8207    0.8252      1774
         6.0     0.4916    0.5209    0.5058       958

    accuracy                         0.6166      7178
   macro avg     0.6317    0.5982    0.6119      7178
weighted avg     0.6250    0.6166    0.6196      7178




losses = 0.0092
class	precision	recall	f1-score	support
0.0	0,4842	0,5285	0,5054	1247
1.0	0,7711	0,5766	0,6598	111
2.0	0,4685	0,4863	0,4772	1024
3.0	0,7956	0,7401	0,7668	831
4.0	0,5804	0,5296	0,5539	1233
5.0	0,8188	0,8253	0,8220	1774
6.0	0,5584	0,5741	0,5661	958
				
accuracy	0,6273			accuracy
macro avg	0,6396	0,6086	0,6216	7178
weighted avg	0,6316	0,6273	0,6287	7178


0 - 0.024410137370341645
1 - 0.016819058326571847
2 - 0.013287618323995366
3 - 0.012631438746588468
4 - 0.010758465819297267
5 - 0.023633595366829633
6 - 0.021256249013196817
7 - 0.0161459808415508
8 - 0.011456907274155706
9 - 0.019308144752699517
10 - 0.008730291903603131
11 - 0.037197981758681574
12 - 0.015357684605248398
13 - 0.015124004779410019
14 - 0.013695254125856133
15 - 0.013875093058491146
16 - 0.01668272949939643
17 - 0.015018017906818275
18 - 0.011459978004704134
19 - 0.01415757078462929
20 - 0.02126567792996368
21 - 0.015483789522181572
22 - 0.010692737915641291
23 - 0.01810066989857664
24 - 0.018599150255068204
25 - 0.016484218599189485
26 - 0.01858426355888068
27 - 0.017207489440177005
28 - 0.011461474139893891
29 - 0.013659018464209426
30 - 0.018373451087611712
31 - 0.015003816631539336
32 - 0.015117916127925525
33 - 0.01619416621440881
34 - 0.015005906474171186
35 - 0.011664083411916538
36 - 0.009710144121463964
37 - 0.013605587021709628
38 - 0.01959135661588247
39 - 0.012804949144296023
40 - 0.016980919819148333
41 - 0.018958212371954407
42 - 0.00999195545254283
43 - 0.013561282220621062
44 - 0.017403149546848778
45 - 0.013074907294485212
46 - 0.013608541875109464
47 - 0.010421397182952161
48 - 0.013819050387045189
49 - 0.013883379100959605
---> Best epoch: 10
              precision    recall  f1-score   support

         0.0     0.5593    0.4010    0.4671      1247
         1.0     0.6442    0.6036    0.6233       111
         2.0     0.4720    0.5186    0.4942      1024
         3.0     0.7654    0.7617    0.7636       831
         4.0     0.5287    0.6050    0.5643      1233
         5.0     0.7813    0.8501    0.8143      1774
         6.0     0.5626    0.5209    0.5409       958

    accuracy                         0.6247      7178
   macro avg     0.6162    0.6087    0.6097      7178
weighted avg     0.6221    0.6247    0.6200      7178


0 - 0.0175321380983636
1 - 0.018880579775163206
2 - 0.010340637114128987
3 - 0.005962667300025196
4 - 0.010614901908402107
5 - 0.021524072644571082
6 - 0.014440469277463841
7 - 0.012796352317793474
8 - 0.012739228206713705
9 - 0.015403327077703522
10 - 0.027291596614999362
11 - 0.01995509757056271
12 - 0.007794129096564823
13 - 0.011145232399403864
14 - 0.007820543760887078
15 - 0.00841310004839802
16 - 0.02601676327863962
17 - 0.012766506979289842
18 - 0.014617465598101521
19 - 0.012705408290457854
20 - 0.01742301166917288
21 - 0.013533798327366973
22 - 0.012773525343457494
23 - 0.012877327376962155
24 - 0.009992865889504408
25 - 0.014321454275690452
26 - 0.011274105154043638
27 - 0.017634536289427034
28 - 0.014527978369627177
29 - 0.009472635266219366
30 - 0.014182561661683841
31 - 0.011105251486340437
32 - 0.01549222662908165
33 - 0.010190013485711833
34 - 0.0204872223748761
35 - 0.009774980064379915
36 - 0.010216571268384447
37 - 0.014320972322829138
38 - 0.01775275371297227
39 - 0.008039575827961165
40 - 0.01931935152916546
41 - 0.013482609468104062
42 - 0.013464141006559916
43 - 0.008303461003418697
44 - 0.005963313990667538
45 - 0.013873071976068142
46 - 0.021260186907237057
47 - 0.01229614349689987
48 - 0.013254296238764172
49 - 0.012004436496047578
---> Best epoch: 3
              precision    recall  f1-score   support

         0.0     0.5162    0.4868    0.5010      1247
         1.0     0.6977    0.5405    0.6091       111
         2.0     0.5037    0.4688    0.4856      1024
         3.0     0.7865    0.7316    0.7581       831
         4.0     0.5241    0.5985    0.5589      1233
         5.0     0.8018    0.8348    0.8180      1774
         6.0     0.5455    0.5324    0.5388       958

    accuracy                         0.6247      7178
   macro avg     0.6251    0.5991    0.6099      7178
weighted avg     0.6244    0.6247    0.6236      7178