<ipython-input-10-a5514288a416>:18: UserWarning: Creating a tensor from a list of numpy.ndarrays is extremely slow. Please consider converting the list to a single numpy.ndarray with numpy.array() before converting to a tensor. (Triggered internally at ../torch/csrc/utils/tensor_new.cpp:245.)
  t_imgs = tf.tensor([img for img, _ in train_dataset], dtype=tf.float32)
  epoch    train_loss    valid_acc    valid_loss      dur
-------  ------------  -----------  ------------  -------
      1        1.9027       0.2624        1.8017  17.7994
      2        1.8117       0.2627        1.8003  16.5199
      3        1.8012       0.2697        1.7750  16.9000
      4        1.7651       0.3010        1.7531  16.7364
      5        1.7272       0.2299        2.0904  17.7392
      6        1.5776       0.3852        1.4880  16.4263
      7        1.4773       0.4383        1.4067  16.4981
      8        1.3971       0.4522        1.3904  16.7383
      9        1.3430       0.4372        1.4316  16.6515
     10        1.2992       0.4694        1.3825  16.5889
     11        1.2578       0.4772        1.3350  16.5643
     12        1.2181       0.4885        1.3327  16.5462
     13        1.1688       0.5022        1.3257  16.5332
     14        1.1220       0.5094        1.3599  16.5837
     15        1.0658       0.5219        1.3242  16.5764
     16        1.0229       0.4865        1.4672  16.6095
     17        0.9796       0.5126        1.3827  16.6186
     18        0.9306       0.4848        1.6685  16.6125
     19        0.8825       0.4296        2.1422  16.5741
     20        0.8427       0.5234        1.3870  16.6113
     21        0.8097       0.5057        1.6189  16.6014
     22        0.7584       0.5480        1.4513  16.6223
     23        0.7145       0.5222        1.4261  16.6327
     24        0.6583       0.5100        1.4807  16.6059
     25        0.6092       0.4766        1.8772  16.6021
     26        0.5695       0.5039        1.8272  16.6516
     27        0.5230       0.5396        1.8182  16.6204
     28        0.4927       0.5451        1.7904  16.5985
     29        0.4381       0.5504        2.1172  16.5810
     30        0.4024       0.5344        2.0181  16.5823
     31        0.3889       0.5405        1.8935  16.5618
     32        0.3303       0.5315        2.0217  16.5648
     33        0.3149       0.5327        2.3747  16.5659
     34        0.2874       0.5222        2.2018  16.5548
     35        0.2664       0.5152        2.3123  16.5882
     36        0.2411       0.5306        2.0970  16.6099
     37        0.2137       0.5007        2.8901  16.5959
     38        0.1930       0.5300        2.6484  16.6260
     39        0.1756       0.5390        2.6784  16.5777
     40        0.1605       0.4874        3.1194  16.6219
     41        0.1528       0.5666        2.3861  16.6190
     42        0.1464       0.5184        2.6541  16.6371
     43        0.1416       0.5556        2.2318  16.6307
     44        0.1273       0.5486        2.8639  16.6245
     45        0.1045       0.5695        3.0063  16.5850
     46        0.1082       0.5448        2.6769  16.6156
     47        0.1037       0.5567        2.7088  16.6548
     48        0.1063       0.5533        2.9000  16.6394
     49        0.0963       0.5530        2.6036  16.6485
     50        0.0859       0.5765        2.7127  16.6096
     51        0.0926       0.5637        2.4649  16.6022
     52        0.0934       0.5666        2.5153  16.6225
     53        0.0825       0.5724        2.9717  16.6394
     54        0.0856       0.5498        2.8192  16.6384
     55        0.0848       0.5640        2.8451  16.6231
     56        0.0830       0.5588        2.4974  16.5903
     57        0.0894       0.5498        2.6622  16.5874
     58        0.0655       0.5547        2.5233  16.5870
     59        0.0742       0.5762        2.5999  16.5804
     60        0.0676       0.5611        2.7765  16.5635
     61        0.0676       0.5660        2.6776  16.5896
     62        0.0671       0.5660        2.7742  16.5516
     63        0.0599       0.5663        2.6924  16.5526
     64        0.0579       0.5585        2.8647  16.5782
     65        0.0711       0.5742        2.8462  16.5416
     66        0.0579       0.5573        2.7983  16.5411
     67        0.0761       0.5623        2.8695  16.5560
     68        0.0675       0.5585        3.0346  16.5121
     69        0.0605       0.5739        3.0530  16.5033
     70        0.0523       0.5550        3.1699  16.5356
     71        0.0626       0.5454        3.1298  16.5556
     72        0.0595       0.5730        2.6463  16.5398
     73        0.0576       0.5518        2.7337  16.5650
     74        0.0565       0.5475        3.2809  16.5268
     75        0.0533       0.5672        2.7972  16.5251
     76        0.0409       0.5617        2.7593  16.5632
     77        0.0542       0.5640        3.2768  16.4934
     78        0.0596       0.5768        3.0909  16.4934
     79        0.0505       0.5666        2.8047  16.5243
     80        0.0465       0.5646        3.0659  16.5565
  epoch    train_loss    valid_acc    valid_loss      dur
-------  ------------  -----------  ------------  -------
      1        1.9099       0.2522        1.8299  16.4815
      2        1.7826       0.2816        1.7447  16.5336
      3        1.7196       0.2824        1.7394  16.5156
      4        1.6778       0.3684        1.5945  16.5972
      5        1.5685       0.3556        1.6456  16.6285
      6        1.4730       0.4421        1.3975  16.5919
      7        1.4181       0.4377        1.4096  16.6167
      8        1.3762       0.4491        1.3754  16.6043
      9        1.3270       0.4798        1.3375  16.5746
     10        1.2901       0.4612        1.4254  16.5777
     11        1.2580       0.4813        1.3930  16.6218
     12        1.2208       0.4926        1.3834  16.5967
     13        1.1884       0.5115        1.3326  16.5998
     14        1.1341       0.5062        1.3347  16.6242
     15        1.0929       0.4990        1.3355  16.5780
     16        1.0358       0.5205        1.4064  16.5901
     17        1.0004       0.5222        1.3379  16.6067
     18        0.9546       0.5202        1.3447  16.6113
     19        0.8963       0.5289        1.3656  16.6387
     20        0.8560       0.5367        1.3840  16.6140
     21        0.8114       0.5228        1.5091  16.6199
     22        0.7647       0.5132        1.6852  16.5962
     23        0.7016       0.5234        1.5460  16.5861
     24        0.6630       0.5251        1.6677  16.5703
     25        0.6317       0.5370        1.4882  16.6285
     26        0.5663       0.5388        1.7124  16.5772
     27        0.5296       0.5112        1.8373  16.5679
     28        0.4862       0.5266        2.0096  16.6201
     29        0.4400       0.5263        1.9368  16.5998
     30        0.4200       0.5414        2.0061  16.5786
     31        0.3936       0.4880        2.2148  16.5753
     32        0.3574       0.5370        2.2514  16.5623
     33        0.3363       0.4827        2.5887  16.5631
     34        0.3162       0.5388        2.4201  16.5534
     35        0.2870       0.5321        2.3260  16.5492
     36        0.2677       0.5425        2.6510  16.6069
     37        0.2441       0.5370        2.2579  16.6169
     38        0.2139       0.5239        2.5781  16.5862
     39        0.2044       0.5498        2.4131  16.5411
     40        0.1625       0.5472        2.7657  16.5854
     41        0.1601       0.5329        3.4002  16.5538
     42        0.1564       0.5425        2.9859  16.5929
     43        0.1568       0.5025        3.1151  16.6138
     44        0.1292       0.5443        2.8775  16.5468
     45        0.1248       0.5057        2.9180  16.5797
     46        0.1213       0.4984        2.7569  16.6230
     47        0.1216       0.5649        2.5163  16.6196
     48        0.1248       0.5478        3.0448  16.6024
     49        0.1198       0.5483        3.0119  16.6033
     50        0.1084       0.5341        2.9866  16.5565
     51        0.1032       0.5576        2.7718  16.5649
     52        0.1013       0.5597        3.1570  16.6025
     53        0.1027       0.5486        2.9745  16.5700
     54        0.0873       0.5457        3.0130  16.5592
     55        0.0887       0.5594        2.8666  16.5936
     56        0.0765       0.5530        2.9218  16.5501
     57        0.0765       0.5588        2.9600  16.5594
     58        0.0857       0.5257        3.2487  16.5620
     59        0.0736       0.5521        2.9088  16.5658
     60        0.0753       0.5332        3.0263  16.5541
     61        0.0773       0.5501        2.6669  16.5903
     62        0.0781       0.5599        2.8431  16.5619
     63        0.0598       0.5649        2.8448  16.5362
     64        0.0706       0.5649        3.1624  16.6191
     65        0.0692       0.5565        3.0837  16.6343
     66        0.0723       0.5446        2.8663  16.6033
     67        0.0601       0.5695        3.0302  16.6147
     68        0.0642       0.5785        3.2512  16.5619
     69        0.0650       0.5634        2.8871  16.5464
     70        0.0563       0.5681        2.8510  16.5944
     71        0.0616       0.5695        2.9905  16.5213
     72        0.0508       0.5599        3.4682  16.5830
     73        0.0588       0.5620        2.9292  16.6250
     74        0.0455       0.5498        3.2713  16.6338
     75        0.0621       0.5425        3.1241  16.5766
     76        0.0601       0.5713        2.9372  16.5977
     77        0.0543       0.5663        3.1018  16.5277
     78        0.0478       0.5759        3.1852  16.5417
     79        0.0491       0.5620        3.0137  16.5533
     80        0.0569       0.5643        3.0114  16.5576
  epoch    train_loss    valid_acc    valid_loss      dur
-------  ------------  -----------  ------------  -------
      1        1.9107       0.2411        1.8163  16.5373
      2        1.8147       0.2475        1.8165  16.5372
      3        1.8092       0.2597        1.8069  16.5133
      4        1.7996       0.2559        1.7995  16.5162
      5        1.7686       0.2249        1.8821  16.5048
      6        1.7308       0.2885        1.8268  16.5316
      7        1.5927       0.3268        1.6502  16.5076
      8        1.4716       0.4066        1.4916  16.5576
      9        1.3977       0.4080        1.4371  16.5304
     10        1.3483       0.3857        1.5458  16.5106
     11        1.3127       0.4417        1.4047  16.5551
     12        1.2714       0.4225        1.4485  16.5415
     13        1.2244       0.4913        1.3266  16.5442
     14        1.1716       0.5055        1.3079  16.5689
     15        1.1278       0.5276        1.2632  16.5481
     16        1.0737       0.5206        1.3022  16.5431
     17        1.0324       0.5392        1.2569  16.5721
     18        0.9833       0.5102        1.3436  16.5839
     19        0.9314       0.5403        1.3245  16.5690
     20        0.8929       0.5322        1.4161  16.6366
     21        0.8482       0.5360        1.4507  16.6243
     22        0.7998       0.5084        1.5404  16.6179
     23        0.7409       0.5316        1.4689  16.6087
     24        0.7032       0.5502        1.5009  16.5702
     25        0.6547       0.5328        1.5738  16.5873
     26        0.6101       0.5316        1.6559  16.6006
     27        0.5840       0.5017        1.6535  16.5889
     28        0.5425       0.5360        1.7041  16.5823
     29        0.4865       0.4753        2.0420  16.6039
     30        0.4696       0.5174        1.8837  16.5760
     31        0.4266       0.4855        1.9593  16.5826
     32        0.3949       0.5183        1.9593  16.6008
     33        0.3698       0.5345        2.1137  16.5765
     34        0.3250       0.4495        2.6401  16.5749
     35        0.3051       0.4867        2.2911  16.5492
     36        0.2730       0.5308        2.2242  16.5213
     37        0.2632       0.5281        2.1551  16.5607
     38        0.2270       0.5398        2.6102  16.5948
     39        0.2139       0.5525        2.2125  16.5801
     40        0.1982       0.5453        2.0899  16.5427
     41        0.1794       0.5575        2.3582  16.5995
     42        0.1664       0.5644        2.1426  16.5976
     43        0.1577       0.5691        2.3812  16.5487
     44        0.1469       0.5493        2.6958  16.5610
     45        0.1568       0.5673        2.4497  16.5426
     46        0.1352       0.5557        2.2747  16.5413
     47        0.1294       0.5717        2.5279  16.5462
     48        0.1218       0.5682        2.5868  16.5603
     49        0.1110       0.5499        2.5465  16.5799
     50        0.1181       0.5380        2.6002  16.5692
     51        0.1261       0.5615        2.4700  16.5765
     52        0.1309       0.5711        2.3081  16.5813
     53        0.0983       0.5766        2.4012  16.6249
     54        0.0890       0.5641        2.6979  16.6060
     55        0.0842       0.5499        2.7073  16.5892
     56        0.0818       0.5569        2.8317  16.6535
     57        0.0810       0.5502        2.8392  16.6229
     58        0.0880       0.5659        2.6247  16.6070
     59        0.0870       0.5691        2.5358  16.6256
     60        0.0736       0.5760        2.6964  16.6060
     61        0.0790       0.5847        2.5372  16.5965
     62        0.0830       0.5740        2.8381  16.6003
     63        0.0731       0.5757        2.6852  16.5792
     64        0.0598       0.5699        2.7469  16.5339
     65        0.0662       0.5775        2.7479  16.5446
     66        0.0577       0.5633        2.8961  16.5595
     67        0.0640       0.5685        2.8916  16.5853
     68        0.0889       0.5760        2.7492  16.7072
     69        0.0641       0.5743        2.7625  16.5277
     70        0.0625       0.5720        2.6491  16.5604
     71        0.0554       0.5714        2.9059  16.6220
     72        0.0648       0.5601        2.8299  16.5491
     73        0.0627       0.5540        2.7689  16.5544
     74        0.0836       0.5749        2.5912  16.6414
     75        0.0508       0.5725        2.7880  16.5856
     76        0.0386       0.5705        3.5602  16.5982
     77        0.0471       0.5786        3.1199  16.5989
     78        0.0493       0.5734        3.1200  16.6051
     79        0.0507       0.5754        2.9120  16.5890
     80        0.0574       0.5778        3.0900  16.6463
  epoch    train_loss    valid_acc    valid_loss      dur
-------  ------------  -----------  ------------  -------
      1        3.9403       0.2511        1.8645  16.5839
      2        1.9134       0.2520        1.8132  16.5760
      3        1.9569       0.2563        1.8056  16.5599
      4        2.0028       0.2566        1.8093  16.5923
      5        1.8610       0.2569        1.8048  16.5944
      6        1.8266       0.2522        1.8088  16.5702
      7        1.8233       0.2522        1.8068  16.5665
      8        1.8381       0.2522        1.8147  16.5008
      9        1.8127       0.2522        1.8095  16.3020
     10        1.8125       0.2522        1.8080  16.3796
     11        1.8158       0.2522        1.8078  16.4565
     12        1.8395       0.2522        1.8093  16.4369
     13        1.8128       0.2522        1.8090  16.1044
     14        1.8104       0.2522        1.8086  16.0232
     15        1.8132       0.2522        1.8105  16.0878
     16        1.8143       0.2522        1.8081  16.4462
     17        1.8102       0.2522        1.8040  16.4730
     18        1.8132       0.2522        1.8005  16.5087
     19        1.8330       0.2522        1.8060  16.4379
     20        1.8299       0.2522        1.8085  16.3075
     21        1.8103       0.2522        1.8085  16.0992
     22        1.8118       0.2522        1.8084  16.0610
     23        1.8102       0.2522        1.8084  16.0243
     24        1.8100       0.2522        1.8084  15.9735
     25        1.8100       0.2522        1.8084  16.0060
     26        1.8104       0.2522        1.8084  15.9717
     27        1.8419       0.2522        1.8101  16.0510
     28        1.8162       0.2522        1.8110  16.0993
     29        1.8165       0.2522        1.8088  16.1082
     30        1.8100       0.2522        1.8085  15.9955
     31        1.8098       0.2522        1.8085  16.0088
     32        1.8097       0.2522        1.8084  16.0439
     33        1.8097       0.2522        1.8083  15.9608
     34        1.8125       0.2522        1.8083  16.0005
     35        1.8102       0.2522        1.8083  15.9769
     36        1.8174       0.2522        1.8086  16.0764
     37        1.8098       0.2522        1.8083  15.9421
     38        1.8096       0.2522        1.8083  15.9262
     39        1.8096       0.2522        1.8083  15.9829
     40        1.8099       0.2522        1.8083  15.9410
     41        1.8096       0.2522        1.8083  15.9219
     42        1.8096       0.2522        1.8082  15.9298
     43        1.8096       0.2522        1.8082  15.9603
     44        1.8097       0.2522        1.8082  15.9518
     45        1.8096       0.2522        1.8082  15.9462
     46        1.8096       0.2522        1.8082  16.4209
     47        1.8098       0.2522        1.8082  15.9335
     48        1.8096       0.2522        1.8082  15.9433
     49        1.8096       0.2522        1.8082  15.9574
     50        1.8096       0.2522        1.8082  16.1515
     51        1.8096       0.2522        1.8082  15.9709
     52        1.8096       0.2522        1.8082  15.9642
     53        1.8096       0.2522        1.8082  15.9868
     54        1.8096       0.2522        1.8082  15.9291
     55        1.8096       0.2522        1.8082  15.9368
     56        1.8096       0.2522        1.8082  15.9454
     57        1.8096       0.2522        1.8082  15.9288
     58        1.8096       0.2522        1.8082  15.9189
     59        1.8106       0.2522        1.8099  15.9297
     60        1.8098       0.2522        1.8082  15.9612
     61        1.8115       0.2522        1.8082  15.9371
     62        1.8096       0.2522        1.8082  15.9173
     63        1.8096       0.2522        1.8082  15.8998
     64        1.8096       0.2522        1.8082  15.9062
     65        1.8096       0.2522        1.8082  15.8967
     66        1.8112       0.2522        1.8089  15.9362
     67        1.8117       0.2522        1.8083  15.9509
     68        1.8136       0.2522        1.8078  15.9959
     69        1.8097       0.2522        1.8082  15.9186
     70        1.8096       0.2522        1.8082  15.9102
     71        1.8103       0.2522        1.8097  15.9721
     72        1.8314       0.2522        1.8080  15.9006
     73        1.8095       0.2522        1.8082  15.8728
     74        1.8125       0.2522        1.8082  15.8946
     75        1.8096       0.2522        1.8082  15.8946
     76        1.8096       0.2522        1.8082  15.8840
     77        1.8112       0.2522        1.8088  15.8964
     78        1.8095       0.2522        1.8082  15.9381
     79        1.8096       0.2522        1.8082  15.8836
     80        1.8108       0.2522        1.8080  15.9112
  epoch    train_loss    valid_acc    valid_loss      dur
-------  ------------  -----------  ------------  -------
      1        4.1597       0.2493        1.8209  16.5455
      2        1.8337       0.2522        1.8113  16.5160
      3        1.8236       0.2511        1.8113  16.5215
      4        1.8265       0.2514        1.8097  16.5469
      5        1.8922       0.2522        1.8125  16.5060
      6        1.8567       0.2537        2.1290  16.5529
      7        1.8468       0.2522        1.8113  16.5941
      8        1.8243       0.2522        1.8098  16.5421
      9        1.8276       0.2522        1.8094  16.4888
     10        1.8182       0.2522        1.8088  16.5364
     11        1.8122       0.2522        1.8079  16.5198
     12        1.8130       0.2522        1.8073  16.4989
     13        1.8142       0.2522        1.8078  16.5096
     14        1.8111       0.2522        1.8074  16.4734
     15        1.8189       0.2522        1.8071  16.4622
     16        1.8181       0.2522        1.8072  16.4845
     17        1.8167       0.2522        1.8064  16.4722
     18        1.8123       0.2522        1.8095  16.4637
     19        1.8142       0.2522        1.8059  16.4929
     20        1.8058       0.2522        1.7893  16.4667
     21        1.8010       0.2522        1.8003  16.4617
     22        1.8022       0.2522        1.7797  16.4920
     23        1.8095       0.2522        1.8121  16.4564
     24        1.8135       0.2522        1.8083  16.4535
     25        1.8139       0.2522        1.8083  16.5014
     26        1.8100       0.2522        1.8082  16.4147
     27        1.8102       0.2522        1.8082  16.3754
     28        1.8105       0.2522        1.8082  16.3819
     29        1.8105       0.2522        1.8082  16.2712
     30        1.8101       0.2522        1.8081  16.2531
     31        1.8097       0.2522        1.8081  16.2215
     32        1.8099       0.2522        1.8081  16.1494
     33        1.8099       0.2522        1.8081  16.1255
     34        1.8099       0.2522        1.8081  16.2032
     35        1.8101       0.2522        1.8081  16.2038
     36        1.8103       0.2522        1.8081  16.1994
     37        1.8099       0.2522        1.8081  16.1286
     38        1.8100       0.2522        1.8082  16.1604
     39        1.9978       0.2522        1.8080  16.3936
     40        1.8707       0.2522        1.8081  16.3244
     41        1.8528       0.2522        1.8081  16.2750
     42        1.8190       0.2522        1.8081  16.2448
     43        1.8123       0.2522        1.8081  16.2124
     44        1.8220       0.2522        1.8081  16.1365
     45        1.8159       0.2522        1.8081  16.1634
     46        1.8100       0.2522        1.8081  16.0444
     47        1.8101       0.2522        1.8081  15.9577
     48        1.8124       0.2522        1.8081  16.0949
     49        1.8175       0.2522        1.8081  16.0667
     50        1.8191       0.2522        1.8081  16.1526
     51        1.8353       0.2522        1.8081  16.0666
     52        1.8106       0.2522        1.8081  16.0315
     53        1.8098       0.2522        1.8081  15.9460
     54        1.8215       0.2522        1.8081  15.9576
     55        1.8205       0.2522        1.8081  16.0290
     56        1.8122       0.2522        1.8081  15.9049
     57        1.8098       0.2522        1.8081  15.9029
     58        1.8113       0.2522        1.8081  15.9205
     59        1.8106       0.2522        1.8081  15.9628
     60        1.8101       0.2522        1.8081  15.9111
     61        1.8102       0.2522        1.8081  15.9587
     62        1.8177       0.2522        1.8081  15.9809
     63        1.8098       0.2522        1.8081  15.8987
     64        1.8097       0.2522        1.8081  15.8353
     65        1.8497       0.2522        1.8081  15.8391
     66        1.8145       0.2522        1.8081  15.8756
     67        1.8125       0.2522        1.8081  15.8440
     68        1.8144       0.2522        1.8081  15.8220
     69        1.8132       0.2522        1.8081  15.8288
     70        1.8099       0.2522        1.8081  15.8169
     71        1.8509       0.2522        1.8081  15.8210
     72        1.8098       0.2522        1.8081  15.7977
     73        1.8099       0.2522        1.8081  15.8188
     74        1.8097       0.2522        1.8081  15.8092
     75        1.8099       0.2522        1.8081  15.7942
     76        1.8097       0.2522        1.8081  15.8188
     77        1.8149       0.2522        1.8081  15.8578
     78        1.8153       0.2522        1.8081  15.7813
     79        1.8098       0.2522        1.8081  15.7901
     80        1.8131       0.2522        1.8081  15.7889
  epoch    train_loss    valid_acc    valid_loss      dur
-------  ------------  -----------  ------------  -------
      1        3.6563       0.2522        1.8245  16.5161
      2        1.8687       0.2348        1.8243  16.4801
      3        1.8267       0.2522        1.8078  16.4598
      4        1.8122       0.2522        1.8143  16.4430
      5        1.8125       0.2522        1.8037  16.4391
      6        1.8830       0.2522        1.8123  16.4734
      7        1.8406       0.2522        1.8106  16.4319
      8        1.8111       0.2522        1.8042  16.4310
      9        1.8058       0.2522        1.8013  16.4804
     10        1.7991       0.2501        1.8041  16.4436
     11        1.7973       0.2522        1.7909  16.4881
     12        1.7963       0.2519        1.7896  16.5379
     13        1.7833       0.2194        1.8005  16.4599
     14        1.7736       0.2870        1.7444  16.4944
     15        1.8156       0.2525        1.7943  16.5546
     16        1.7960       0.2571        1.7842  16.5314
     17        1.7724       0.2409        1.8257  16.5176
     18        1.7535       0.2559        1.8354  16.5009
     19        1.7331       0.2873        1.7442  16.5246
     20        1.7064       0.2589        1.8504  16.4747
     21        1.6881       0.2928        1.7161  16.4820
     22        1.6808       0.3027        1.6851  16.4700
     23        1.6695       0.3149        1.6619  16.4562
     24        1.6636       0.3143        1.6570  16.5075
     25        1.7456       0.3128        1.6515  16.4814
     26        1.8286       0.2522        1.8107  16.4706
     27        1.8105       0.2522        1.8058  16.4729
     28        1.8090       0.2522        1.8042  16.4925
     29        1.8070       0.2522        1.8001  16.4526
     30        1.8060       0.2530        1.7951  16.4888
     31        1.8067       0.2499        1.7949  16.4467
     32        1.7984       0.2470        1.7930  16.4553
     33        1.8000       0.2577        1.7841  16.5115
     34        1.7967       0.2664        1.7819  16.4987
     35        1.7908       0.2719        1.7757  16.4816
     36        1.7790       0.2525        1.8164  16.4851
     37        1.7610       0.2676        1.7927  16.4944
     38        1.7579       0.2664        1.7822  16.5184
     39        1.7508       0.3151        1.6984  16.4319
     40        1.7367       0.2696        1.7809  16.4696
     41        1.7295       0.3111        1.6964  16.4397
     42        1.7217       0.3250        1.6755  16.4493
     43        1.7102       0.3230        1.6615  16.4770
     44        1.6899       0.3201        1.6657  16.4453
     45        1.6909       0.3378        1.6410  16.4464
     46        1.7044       0.3256        1.6847  16.4583
     47        1.6822       0.3059        1.6929  16.4182
     48        1.6393       0.3981        1.5446  16.4277
     49        1.6111       0.3752        1.5994  16.4987
     50        1.5796       0.4025        1.5480  16.4707
     51        1.5550       0.4141        1.4944  16.4819
     52        1.5625       0.4170        1.4810  16.5193
     53        1.5220       0.4254        1.5079  16.4897
     54        1.5111       0.4179        1.4869  16.4787
     55        1.5122       0.4127        1.4500  16.5133
     56        1.4799       0.4141        1.4750  16.4592
     57        1.4586       0.4214        1.4752  16.4488
     58        1.4421       0.4205        1.4924  16.4500
     59        1.4707       0.3778        1.6031  16.4461
     60        1.4497       0.4318        1.4176  16.4434
     61        1.4270       0.4106        1.5136  16.4471
     62        1.4230       0.4376        1.4489  16.4630
     63        1.4054       0.4051        1.5871  16.4224
     64        1.4091       0.4324        1.4591  16.4578
     65        1.4039       0.4373        1.4062  16.4779
     66        1.3843       0.4356        1.4636  16.4510
     67        1.3773       0.4492        1.4138  16.4588
     68        1.3547       0.4367        1.4252  16.4760
     69        1.3557       0.4388        1.3901  16.4530
     70        1.3482       0.4452        1.3655  16.4335
     71        1.3222       0.4454        1.3732  16.4587
     72        1.3299       0.4594        1.3708  16.4501
     73        1.3333       0.4202        1.4521  16.4566
     74        1.3197       0.4420        1.3791  16.4734
     75        1.3007       0.4507        1.3842  16.4340
     76        1.3101       0.4443        1.3848  16.4352
     77        1.3366       0.4440        1.3693  16.4576
     78        1.3118       0.4469        1.3958  16.4225
     79        1.2920       0.4396        1.3968  16.4327
     80        1.2816       0.4678        1.3593  16.4548
  epoch    train_loss    valid_acc    valid_loss      dur
-------  ------------  -----------  ------------  -------
      1        1.9108       0.2589        1.8033  24.8365
      2        1.8069       0.2626        1.7976  24.8253
      3        1.7712       0.2891        1.7882  24.8862
      4        1.6063       0.4079        1.4841  24.8864
      5        1.4721       0.4292        1.4191  24.8916
      6        1.3700       0.4859        1.3324  24.9199
      7        1.2859       0.5166        1.2634  24.9065
      8        1.2206       0.5164        1.2799  24.9432
      9        1.1643       0.5341        1.2436  24.9454
     10        1.1076       0.5447        1.2420  24.9006
     11        1.0608       0.5565        1.1985  24.8854
     12        1.0053       0.5513        1.2651  24.8838
     13        0.9624       0.5627        1.2302  24.9198
     14        0.9048       0.5588        1.2381  24.8692
     15        0.8513       0.5432        1.3326  24.8533
     16        0.7987       0.5375        1.4006  24.8673
     17        0.7497       0.5284        1.5303  24.8666
     18        0.6980       0.5670        1.3964  24.8210
     19        0.6364       0.5548        1.8235  24.8068
     20        0.5938       0.5741        1.4629  24.8809
     21        0.5452       0.5602        1.6046  24.8685
     22        0.4964       0.5753        1.6617  24.8469
     23        0.4490       0.5720        1.6459  24.7971
     24        0.4124       0.5565        1.6116  24.8448
     25        0.3704       0.5693        1.7208  24.8135
     26        0.3298       0.5579        1.9725  24.8295
     27        0.2980       0.5478        2.0683  24.8221
     28        0.2709       0.5480        1.9846  24.8855
     29        0.2389       0.5755        1.8421  24.8327
     30        0.2205       0.5786        1.9154  24.8101
     31        0.2040       0.5302        2.1399  24.8343
     32        0.1942       0.5321        2.2093  24.8874
     33        0.1829       0.5580        2.1378  24.8895
     34        0.1664       0.5743        2.1247  24.8456
     35        0.1518       0.5457        2.4239  24.8036
     36        0.1371       0.5762        2.0679  24.8147
     37        0.1243       0.5811        2.3407  24.8325
     38        0.1185       0.5770        2.2947  24.8327
     39        0.1186       0.5778        2.2589  24.8651
     40        0.1183       0.6045        2.2361  24.8015
     41        0.1062       0.5967        2.2263  24.8127
     42        0.1023       0.5886        2.3654  24.8458
     43        0.0958       0.5755        2.3504  24.8068
     44        0.0995       0.5859        2.2602  24.8444
     45        0.0884       0.5869        2.5625  24.8878
     46        0.0951       0.5824        2.3135  24.8811