precision    recall  f1-score   support

         0.0     0.4492    0.6103    0.5175      1247
         1.0     0.7500    0.4865    0.5902       111
         2.0     0.5016    0.4512    0.4751      1024
         3.0     0.8340    0.7136    0.7691       831
         4.0     0.5598    0.5426    0.5511      1233
         5.0     0.8563    0.7959    0.8250      1774
         6.0     0.5545    0.5418    0.5480       958

    accuracy                         0.6227      7178
   macro avg     0.6436    0.5917    0.6109      7178
weighted avg     0.6396    0.6227    0.6275      7178


Modello caricato
0 - 0.04927706175572501
1 - 0.04416207193698006
2 - 0.038830678018882354
3 - 0.04809477968716513
4 - 0.0388169859057367
5 - 0.04540432918636478
6 - 0.04090044666184729
7 - 0.039164234977682226
8 - 0.041815472967955875
9 - 0.038885848849260184
10 - 0.03381948254708608
11 - 0.040435751829650785
12 - 0.04143509784689275
13 - 0.035170748595909046
14 - 0.03791977326893341
15 - 0.027710825430112242
16 - 0.03204538496614347
17 - 0.037644845626500015
18 - 0.031298903745152096
19 - 0.03918415827414525
20 - 0.030613337205282806
21 - 0.03680221702070453
22 - 0.03437461936972773
23 - 0.03311313944398804
24 - 0.036286003148179466
25 - 0.03148231813512497
26 - 0.03215361739086057
27 - 0.027772221255727023
28 - 0.03280577635074803
29 - 0.03171572266748063
30 - 0.029428562213965424
31 - 0.032554086981755305
32 - 0.02602727791092025
33 - 0.03723689914803007
34 - 0.02738759795221047
35 - 0.030072029569464476
36 - 0.033328935756430526
37 - 0.030826485330893744
38 - 0.02225505513143477
39 - 0.02999539714423786
40 - 0.029599822138126043
41 - 0.021643813505690605
42 - 0.029502284727527948
43 - 0.027778927290003905
44 - 0.027835981533779683
45 - 0.022921668359585742
46 - 0.026391905333105696
47 - 0.03161751306115365
48 - 0.02382671123196148
49 - 0.027204636020473367
---> Best epoch: 41
              precision    recall  f1-score   support

         0.0     0.4887    0.5204    0.5041      1247
         1.0     0.6988    0.5225    0.5979       111
         2.0     0.5837    0.3779    0.4588      1024
         3.0     0.7907    0.7593    0.7747       831
         4.0     0.5385    0.5839    0.5603      1233
         5.0     0.8358    0.8061    0.8207      1774
         6.0     0.4714    0.6190    0.5352       958

    accuracy                         0.6225      7178
   macro avg     0.6297    0.5985    0.6074      7178
weighted avg     0.6325    0.6225    0.6225      7178


 - 0.02578238312555656
1 - 0.023492780927689107
2 - 0.023473742027084667
3 - 0.02694550428814607
4 - 0.020430218273801776
5 - 0.031477852176421725
6 - 0.02091818294210759
7 - 0.024650819902083038
8 - 0.02776113249319577
9 - 0.02429013800795176
10 - 0.01587460580263391
11 - 0.026984414622991826
12 - 0.02955243490726415
13 - 0.021826023362294316
14 - 0.02320911533180194
15 - 0.02491373445260243
16 - 0.021873282906278164
17 - 0.021632449472657075
18 - 0.025134890028755536
19 - 0.03162342995554411
20 - 0.019927702937920122
21 - 0.021405459666974172
22 - 0.019637768701777896
23 - 0.025636246859022487
24 - 0.02112689017468116
25 - 0.020179415638494395
26 - 0.020828988961629127
27 - 0.01958812006499756
28 - 0.025163494276612478
29 - 0.020863980659971137
30 - 0.01964915128778223
31 - 0.02537552969131781
32 - 0.01202477153680789
33 - 0.022935380412080018
34 - 0.01931931302149431
35 - 0.021547169530260934
36 - 0.019591585026531768
37 - 0.022774329049791337
38 - 0.020302774143068976
39 - 0.022057977884633918
40 - 0.018258340548412026
41 - 0.01904081307264213
42 - 0.01408573159126278
43 - 0.026659452196748364
44 - 0.020923260228369805
45 - 0.020805727724034655
46 - 0.018455441540802902
47 - 0.016638734633454205
48 - 0.016070059176870762
49 - 0.02221051453860346
---> Best epoch: 32
              precision    recall  f1-score   support

         0.0     0.4897    0.5132    0.5012      1247
         1.0     0.8421    0.5766    0.6845       111
         2.0     0.5067    0.4414    0.4718      1024
         3.0     0.7483    0.8014    0.7740       831
         4.0     0.5408    0.5596    0.5500      1233
         5.0     0.8529    0.7649    0.8065      1774
         6.0     0.4764    0.5699    0.5190       958

    accuracy                         0.6151      7178
   macro avg     0.6367    0.6039    0.6153      7178
weighted avg     0.6243    0.6151    0.6176      7178