-  Val:  1.7522130648295084  Train:  0.09882309291359627 
              precision    recall  f1-score   support

         0.0     0.5327    0.3400    0.4151      1247
         1.0     0.8846    0.4144    0.5644       111
         2.0     0.4724    0.4092    0.4385      1024
         3.0     0.7030    0.7834    0.7410       831
         4.0     0.5438    0.4728    0.5059      1233
         5.0     0.7742    0.8236    0.7981      1774
         6.0     0.4121    0.6701    0.5103       958

    accuracy                         0.5887      7178
   macro avg     0.6175    0.5591    0.5676      7178
weighted avg     0.5948    0.5887    0.5814      7178